x,y
0,-4
1,1
2,8
3,17
4,28
5,41
6,56
7,73
8,92
9,113
10,136
11,161
12,188
13,217
14,248
15,281
16,316
17,353
18,392
19,433
20,476
21,521
22,568
23,617
24,668
25,721
26,776
27,833
28,892
29,953
30,1016
31,1081
32,1148
33,1217
34,1288
35,1361
36,1436
37,1513
38,1592
39,1673
40,1756
41,1841
42,1928
43,2017
44,2108
45,2201
46,2296
47,2393
48,2492
49,2593
50,2696
51,2801
52,2908
53,3017
54,3128
55,3241
56,3356
57,3473
58,3592
59,3713
60,3836
61,3961
62,4088
63,4217
64,4348
65,4481
66,4616
67,4753
68,4892
69,5033
70,5176
71,5321
72,5468
73,5617
74,5768
75,5921
76,6076
77,6233
78,6392
79,6553
80,6716
81,6881
82,7048
83,7217
84,7388
85,7561
86,7736
87,7913
88,8092
89,8273
90,8456
91,8641
92,8828
93,9017
94,9208
95,9401
96,9596
97,9793
98,9992
99,10193
